<?xml version="1.0"?>
<opencv_storage>
<calibration_time>"Tue Jan 29 17:19:47 2019"</calibration_time>
<nFrames>2</nFrames>
<flags>0</flags>
<camera_matrix type_id="opencv-matrix">
  <rows>3</rows>
  <cols>3</cols>
  <dt>d</dt>
  <data>
    3.4538882498802122e+03 2.4263605961653897e+02 2.4225579594220990e+03
    0. 4.1995780439434911e+03 8.3613090856113843e+02 0. 0. 1.</data></camera_matrix>
<distortion_coefficients type_id="opencv-matrix">
  <rows>1</rows>
  <cols>4</cols>
  <dt>d</dt>
  <data>
    -7.4316023965368438e-01 4.3295758655326408e-02
    9.1936498235876529e-03 -2.0701954720641480e-01</data></distortion_coefficients>
<xi>2.3343031045486717e-01</xi>
<used_imgs>
  "C:/Users/Micha/Documents/calibration pics/set2/ncalib20.jpg"
  "C:/Users/Micha/Documents/calibration pics/set2/ncalib25.jpg"</used_imgs>
<extrinsic_parameters type_id="opencv-matrix">
  <rows>2</rows>
  <cols>6</cols>
  <dt>d</dt>
  <data>
    -8.5216445959323525e-02 -5.8844903462859721e-01
    -1.1051728929729787e+00 -2.8688633665941626e+02
    5.3566359093960443e+01 4.8153400423266163e+02 5.6948042305602575e-01
    -8.7518109969716706e-01 -5.7399514928459394e-01
    -2.2028280572118359e+02 3.1856393841873860e+01
    4.4072279160159275e+02</data></extrinsic_parameters>
<rms>1.2221055916467729e+00</rms>
<image_points type_id="opencv-matrix">
  <rows>30</rows>
  <cols>54</cols>
  <dt>"2d"</dt>
  <data>
    6.7083648681640625e+02 2.8458752441406250e+02 817. 286.
    9.5650000000000000e+02 2.8850000000000000e+02 1.0864299316406250e+03
    2.9047033691406250e+02 1.2085000000000000e+03 295.
    1.3245827636718750e+03 2.9728915405273438e+02 1.4325000000000000e+03
    3.0250000000000000e+02 1.5338615722656250e+03 3.0637850952148438e+02
    1.6280673828125000e+03 3.1267254638671875e+02 6.9361340332031250e+02
    4.5342907714843750e+02 8.3801971435546875e+02 4.4990133666992188e+02
    9.7754107666015625e+02 4.4677804565429688e+02 1.1077293701171875e+03
    4.4494702148437500e+02 1.2314257812500000e+03 4.4163598632812500e+02
    1.3473666992187500e+03 4.4122872924804688e+02 1.4572905273437500e+03
    4.4020697021484375e+02 1.5573569335937500e+03 4.4119262695312500e+02
    1.6481082763671875e+03 4.4286785888671875e+02 7.1734710693359375e+02
    6.2793310546875000e+02 8.6058068847656250e+02 6.1983123779296875e+02
    1.0004627075195313e+03 6.0947967529296875e+02 1.1321021728515625e+03
    6.0241546630859375e+02 1.2560590820312500e+03 5.9406854248046875e+02
    1.3727219238281250e+03 5.8828332519531250e+02 1.4805277099609375e+03
    5.8333813476562500e+02 1.5792882080078125e+03 5.7869000244140625e+02
    1.6676218261718750e+03 5.7459631347656250e+02 7.4327258300781250e+02
    8.0496636962890625e+02 8.8717095947265625e+02 7.9023693847656250e+02
    1.0257670898437500e+03 7.7628015136718750e+02 1.1571910400390625e+03
    7.6184118652343750e+02 1.2813607177734375e+03 7.4927380371093750e+02
    1.3961922607421875e+03 7.3779943847656250e+02 1.5018859863281250e+03
    7.2730993652343750e+02 1.6004323730468750e+03 7.1763433837890625e+02
    1.6900606689453125e+03 7.1052154541015625e+02 7.6940490722656250e+02
    9.8526428222656250e+02 9.1429962158203125e+02 9.6376971435546875e+02
    1.0529310302734375e+03 9.4249993896484375e+02 1.1832633056640625e+03
    9.2361248779296875e+02 1.3046798095703125e+03 9.0572534179687500e+02
    1.4180423583984375e+03 8.8908453369140625e+02 1.5230148925781250e+03
    8.7306060791015625e+02 1.6200104980468750e+03 8.5945306396484375e+02
    1.7116219482421875e+03 8.4590594482421875e+02 7.9825958251953125e+02
    1.1655666503906250e+03 9.4376672363281250e+02 1.1372282714843750e+03
    1.0817545166015625e+03 1.1109556884765625e+03 1.2114621582031250e+03
    1.0853503417968750e+03 1.3314693603515625e+03 1.0620312500000000e+03
    1.4434622802734375e+03 1.0401063232421875e+03 1.5465385742187500e+03
    1.0193781738281250e+03 1.6431535644531250e+03 9.9986865234375000e+02
    1.7334404296875000e+03 9.8237713623046875e+02 5.9550000000000000e+02
    8.9350000000000000e+02 7.3966198730468750e+02 8.5934973144531250e+02
    886. 827. 1.0300819091796875e+03 7.9335235595703125e+02
    1.1734077148437500e+03 7.6145544433593750e+02 1.3142241210937500e+03
    7.3030395507812500e+02 1.4518643798828125e+03 6.9883959960937500e+02
    1.5861395263671875e+03 6.7102801513671875e+02 1.7157430419921875e+03
    6.4355511474609375e+02 6.2836724853515625e+02 1.0393563232421875e+03
    7.7387164306640625e+02 1.0039552001953125e+03 9.2113153076171875e+02
    9.7189312744140625e+02 1.0665664062500000e+03 9.3754162597656250e+02
    1.2103908691406250e+03 9.0368206787109375e+02 1.3515521240234375e+03
    8.7161633300781250e+02 1.4901550292968750e+03 8.3849145507812500e+02
    1.6243316650390625e+03 8.0724462890625000e+02 1.7530480957031250e+03
    7.7865899658203125e+02 665. 1.1865000000000000e+03 811. 1153.
    9.5755041503906250e+02 1.1177016601562500e+03 1.1033120117187500e+03
    1.0824383544921875e+03 1.2472377929687500e+03 1.0480173339843750e+03
    1.3891812744140625e+03 1.0113068237304688e+03 1.5280516357421875e+03
    9.7894476318359375e+02 1.6610900878906250e+03 9.4600683593750000e+02
    1789. 9.1450000000000000e+02 702. 1334. 8.4855908203125000e+02
    1.3008928222656250e+03 9.9302587890625000e+02 1.2645478515625000e+03
    1.1415000000000000e+03 1.2275000000000000e+03 1.2854835205078125e+03
    1.1915455322265625e+03 1.4269228515625000e+03 1.1544954833984375e+03
    1.5640632324218750e+03 1.1195017089843750e+03 1.6975361328125000e+03
    1.0849476318359375e+03 1.8266099853515625e+03 1.0506333007812500e+03
    7.4050000000000000e+02 1.4825000000000000e+03 887.
    1.4465000000000000e+03 1034. 1410. 1.1795699462890625e+03
    1.3735538330078125e+03 1.3237371826171875e+03 1.3357491455078125e+03
    1.4649586181640625e+03 1.2981870117187500e+03 1.6021646728515625e+03
    1.2609027099609375e+03 1.7344016113281250e+03 1.2234328613281250e+03
    1.8625883789062500e+03 1.1869873046875000e+03 7.8008471679687500e+02
    1.6298747558593750e+03 9.2650390625000000e+02 1.5930040283203125e+03
    1.0737828369140625e+03 1.5549116210937500e+03 1.2185762939453125e+03
    1.5174094238281250e+03 1.3626402587890625e+03 1.4789797363281250e+03
    1.5026464843750000e+03 1.4401492919921875e+03 1.6395308837890625e+03
    1.4001292724609375e+03 1.7709089355468750e+03 1.3623959960937500e+03
    1.8996955566406250e+03 1.3224686279296875e+03 950. 294.
    1.1107570800781250e+03 3.2194201660156250e+02 1.2791790771484375e+03
    3.5214566040039063e+02 1.4481134033203125e+03 3.8454138183593750e+02
    1.6205272216796875e+03 4.2077896118164063e+02 1.7952448730468750e+03
    4.5956246948242188e+02 1.9662810058593750e+03 4.9552566528320313e+02
    2134. 5.3650000000000000e+02 2.2985866699218750e+03
    5.7669049072265625e+02 9.2420574951171875e+02 4.5525350952148438e+02
    1.0845000000000000e+03 4.8750000000000000e+02 1.2495539550781250e+03
    5.1992651367187500e+02 1.4184165039062500e+03 5.5336407470703125e+02
    1.5886801757812500e+03 5.9004327392578125e+02 1.7603404541015625e+03
    6.2676922607421875e+02 1.9296737060546875e+03 6.6406646728515625e+02
    2.0970744628906250e+03 7.0244665527343750e+02 2.2585000000000000e+03
    7.4050000000000000e+02 9.0115301513671875e+02 6.1815093994140625e+02
    1.0588117675781250e+03 6.4992376708984375e+02 1.2221488037109375e+03
    6.8423419189453125e+02 1.3890036621093750e+03 7.1927606201171875e+02
    1.5570780029296875e+03 7.5499255371093750e+02 1.7262463378906250e+03
    7.9004699707031250e+02 1.8942651367187500e+03 8.2815106201171875e+02
    2.0582949218750000e+03 8.6520483398437500e+02 2.2183713378906250e+03
    8.9921545410156250e+02 8.8023199462890625e+02 7.7499133300781250e+02
    1.0359656982421875e+03 8.0846527099609375e+02 1.1965970458984375e+03
    8.4312603759765625e+02 1.3600859375000000e+03 8.7846527099609375e+02
    1.5252889404296875e+03 9.1467395019531250e+02 1.6918077392578125e+03
    9.5154119873046875e+02 1.8571317138671875e+03 9.8626104736328125e+02
